4 5.440435992657583 6
8 9.367754827907216 10
12 13.591770844801664 14
16 17.435697952742608 18
20 21.468033959285652 22
24 25.904834643746835 26
28 29.920182548865213 30
32 33.783685574480934 34
36 37.00027514847789 38
40 41.996213203762615 42
44 45.036762217876074 46
48 49.748134303913154 50
52 53.12085423628525 54
56 57.38308145312861 58
60 61.759346780287395 62
64 65.31608766599273 66
68 69.8124001721468 70
72 73.3392543529013 74
76 77.0185054693701 78
80 81.24795459181786 82
84 85.96497932679225 86
88 89.77009218580987 90
